相机相关参数：
1.内外参数矩阵:
大小：[3 x 3]
[1457.126340841895, 0, 351.5210068021104;
 0, 1451.390545264328, 201.0106276612957;
 0, 0, 1]
2.畸变系数：
大小：[5 x 1]
[0.7619025695479594, -75.17478654554412, -0.02239622847229299, -0.004350321952298851, 1685.805678577204]

图像相关参数：
第1幅图像的旋转向量：
[0.2137121308597868;
 2.396488593535092;
 0.6317116373192196]
第1幅图像的旋转矩阵：
[-0.7803901201154676, -0.006048591054125807, 0.6252636843543897;
 0.3029583991158697, 0.871089336426603, 0.3865482846540772;
 -0.5469986003924647, 0.4910873471289197, -0.6779570404225953]
第1幅图像的平移向量：
[15.13844675240455;
 -23.43440931737061;
 299.7646046364559]
第2幅图像的旋转向量：
[0.1752602948085121;
 3.033930463995793;
 -0.780862279137009]
第2幅图像的旋转矩阵：
[-0.9937526396426174, 0.1089846143826002, -0.02404256706772671;
 0.1070498990887754, 0.8698939783080879, -0.4814818642570147;
 -0.0315596309929824, -0.4810476279238921, -0.8761262291247669]
第2幅图像的平移向量：
[27.10008771189952;
 -2.819005818959385;
 291.9715120211656]
第3幅图像的旋转向量：
[-0.2967291109114905;
 -2.213848982150843;
 -0.3161454672571041]
第3幅图像的旋转矩阵：
[-0.6045111466686974, 0.3192776342047539, -0.729813719965521;
 0.1022416910467251, 0.9396845965266647, 0.326403884263691;
 0.7900081709483786, 0.1226973974749847, -0.6006932981877382]
第3幅图像的平移向量：
[15.45302243403915;
 -8.924631217013776;
 261.5142320387803]
第4幅图像的旋转向量：
[-0.2623037454304771;
 -2.572510373709876;
 -0.6005638803706529]
第4幅图像的旋转矩阵：
[-0.8653869794738106, 0.2862258618080937, -0.4113151246786442;
 0.0745183027476881, 0.8851976260952684, 0.4592082156396006;
 0.4955324392134167, 0.3667423056964059, -0.787367565308405]
第4幅图像的平移向量：
[18.40833771718025;
 1.887857507934252;
 268.4901198532897]
第5幅图像的旋转向量：
[-0.3174429922098242;
 -2.770776582280264;
 -0.9165911333514641]
第5幅图像的旋转矩阵：
[-0.955732551404165, 0.2658068298473132, -0.126182484493715;
 0.1381199224013413, 0.7839505536274957, 0.605263923014573;
 0.2598041131743926, 0.5610421184489315, -0.7859602815053713]
第5幅图像的平移向量：
[27.81044024780886;
 -15.96097370424011;
 286.8260588953705]
第6幅图像的旋转向量：
[-0.3004055856619375;
 -2.750548214000117;
 -1.072114045401923]
第6幅图像的旋转矩阵：
[-0.9645161191794595, 0.2488944760242997, -0.08809197266257621;
 0.1236243768325461, 0.7205540611161623, 0.6822894242634651;
 0.2332930974027295, 0.6471888324234244, -0.7257554311823269]
第6幅图像的平移向量：
[19.00317022599848;
 -17.85812358658981;
 293.9261505970796]
第7幅图像的旋转向量：
[0.05972949923154552;
 2.906295817039253;
 0.7843459211756884]
第7幅图像的旋转矩阵：
[-0.9906838615896009, 0.004176846865587121, 0.1361177443839636;
 0.07209227013586281, 0.8640696076195972, 0.4981831167098835;
 -0.1155343713903979, 0.5033550110393031, -0.8563209339313437]
第7幅图像的平移向量：
[24.32279275655597;
 6.883889003418576;
 283.6569935123965]
第8幅图像的旋转向量：
[-0.05983121200914551;
 -2.75529186498425;
 1.155818145100048]
第8幅图像的旋转矩阵：
[-0.9875071453080795, -0.0222781303930339, -0.155991419224516;
 0.09567911231460863, 0.7017931078218327, -0.7059263001762029;
 0.1252004210543088, -0.7120323860049943, -0.6908941567619883]
第8幅图像的平移向量：
[28.33810312743575;
 -21.50344426488006;
 288.9250151525154]
第9幅图像的旋转向量：
[-2.069678732674774;
 -2.17344212406606;
 -0.09214612561186183]
第9幅图像的旋转矩阵：
[-0.04471720730588102, 0.997306044539536, -0.05814658111762204;
 0.9888056866681877, 0.05247965014708111, 0.1396753390298156;
 0.1423505721218457, -0.05124977897850223, -0.9884886315842171]
第9幅图像的平移向量：
[-20.15381346683698;
 -18.79927351031153;
 295.9139813484605]
第10幅图像的旋转向量：
[-1.91435673158311;
 -1.955487745435134;
 0.2563342690858721]
第10幅图像的旋转矩阵：
[0.009497644609697486, 0.91756643382276, -0.3974690356098828;
 0.989009540309296, 0.05003067536974759, 0.1391296542770155;
 0.1475463450040794, -0.3944220722067026, -0.9070067833440431]
第10幅图像的平移向量：
[-29.51661596573249;
 -16.33135519376079;
 292.0248803799455]
第11幅图像的旋转向量：
[-0.09886499725642625;
 -3.064815895970272;
 -0.425440470819036]
第11幅图像的旋转矩阵：
[-0.9969122392174348, 0.06949197289631201, -0.03656300044386979;
 0.05690542796880826, 0.9602094341988784, 0.2734220450935828;
 0.05410877531571898, 0.2704971500375719, -0.9611990076229711]
第11幅图像的平移向量：
[21.03634598237336;
 -9.52652265957005;
 283.7881265989236]
第12幅图像的旋转向量：
[-0.4484535089635833;
 -2.812092069699964;
 -0.4864264031946078]
第12幅图像的旋转矩阵：
[-0.9208055665910785, 0.339519486309199, -0.1919469378532007;
 0.2553167331098863, 0.896767124756212, 0.3614167812243517;
 0.2948397434691903, 0.2837873189076875, -0.912433166483008]
第12幅图像的平移向量：
[6.99152303129097;
 -22.51727435552744;
 277.5009911113568]
第13幅图像的旋转向量：
[-0.4894717840158323;
 -2.907454538958799;
 -0.3867559276585352]
第13幅图像的旋转矩阵：
[-0.9321189618987571, 0.3413612669853854, -0.1209410032657077;
 0.2978743858758151, 0.9125979355635845, 0.2800640252588495;
 0.2059735204046614, 0.2250277614144885, -0.9523326180935391]
第13幅图像的平移向量：
[7.249658321554676;
 -17.55191852977571;
 283.834032992945]
第14幅图像的旋转向量：
[-2.702884274872117;
 -0.8115774454985426;
 0.2841183082668456]
第14幅图像的旋转矩阵：
[0.8204358784121405, 0.5026296652126933, -0.2724855758793023;
 0.5628338914526864, -0.7938185681358003, 0.2303694674106212;
 -0.1005135814023397, -0.342367493391244, -0.9341742446795842]
第14幅图像的平移向量：
[-33.55354430328205;
 3.405437512753421;
 310.9374806095586]
每幅图像的标定误差：
第1幅图像的平均误差：0.0773766像素
第2幅图像的平均误差：0.0754902像素
第3幅图像的平均误差：0.0804317像素
第4幅图像的平均误差：0.0980643像素
第5幅图像的平均误差：0.0918788像素
第6幅图像的平均误差：0.0746451像素
第7幅图像的平均误差：0.096364像素
第8幅图像的平均误差：0.0964202像素
第9幅图像的平均误差：0.103699像素
第10幅图像的平均误差：0.0938378像素
第11幅图像的平均误差：0.134151像素
第12幅图像的平均误差：0.0967834像素
第13幅图像的平均误差：0.117459像素
第14幅图像的平均误差：0.110319像素
总体平均误差：0.0962086像素
